[1] "1:HPN"
[1] "2:AMACR"
[1] "3:FASN"
[1] "4:GDF15"
[1] "5:NME1"
                   1            2            3            4            5
ACADSB  1.714471e-07 1.224543e-06 2.122119e-06 1.069023e-06 6.202350e-07
ALCAM   4.862480e-06 1.996459e-06 1.714471e-07 5.759284e-05 3.809384e-06
AMACR   8.547249e-03 9.903546e-01 5.821563e-05 6.674375e-04 2.429361e-04
ANK3    1.714471e-07 1.224543e-06 1.069023e-06 3.037469e-06 1.301176e-05
AP3S1   4.102651e-06 4.258172e-06 3.330736e-06 1.714471e-07 6.956587e-06
ATF5    3.935045e-06 1.840938e-06 1.224543e-06 6.409680e-05 8.643852e-06
ATP6V0B 1.673331e-06 1.840938e-06 1.714471e-07 1.714471e-07 6.202350e-07
BRCA1   1.714471e-07 7.757555e-07 5.466789e-06 5.604536e-06 7.757555e-07
CALR    1.119883e-05 1.673331e-06 1.714471e-07 1.714471e-07 6.202350e-07
CANX    1.714471e-07 6.202350e-07 4.862480e-06 8.027457e-06 2.829916e-05
CBX3    7.757555e-07 1.714471e-07 3.070431e-05 2.726428e-06 5.005915e-06
CCND2   1.069023e-06 1.714471e-07 1.840938e-06 1.378367e-05 7.279714e-06
CCNG2   6.202350e-07 1.380064e-06 1.714471e-07 3.192989e-06 7.757555e-07
CCT2    6.202350e-07 1.714471e-07 1.828852e-06 3.084775e-05 5.311268e-06
CKAP1   1.224543e-06 1.714471e-07 7.757555e-07 1.714471e-07 6.202350e-07
COX6C   1.714471e-07 6.364365e-06 6.202350e-07 1.224543e-06 9.840383e-06
CYP1B1  1.714471e-07 7.585068e-06 4.447206e-05 3.192989e-06 1.787040e-05
DAPK1   1.714471e-07 1.714471e-07 1.714471e-07 1.195866e-05 1.714471e-07
DDB2    7.757555e-07 1.224543e-06 6.202350e-07 1.714471e-07 1.517811e-06
DYRK1A  1.840938e-06 6.202350e-07 6.202350e-07 1.714471e-07 1.224543e-06
EEF2    3.777851e-05 4.336072e-05 8.094183e-04 2.052835e-05 1.832963e-03
EIF4A1  1.714471e-07 1.714471e-07 6.202350e-07 1.714471e-07 1.714471e-07
ENTPD6  1.714471e-07 1.714471e-07 2.894034e-06 1.714471e-07 5.323355e-06
EPRS    3.037469e-06 6.202350e-07 1.714471e-07 1.605747e-05 6.202350e-07
FASN    1.736741e-04 2.139343e-04 9.934520e-01 2.727347e-03 1.341713e-03
FMO5    1.714471e-07 1.673331e-06 8.643852e-06 1.828852e-06 3.192989e-06
G3BP    1.714471e-07 1.840938e-06 2.600767e-06 5.005915e-06 7.757555e-07
G3BP2   1.714471e-07 1.714471e-07 6.202350e-07 1.714471e-07 1.714471e-07
GCSH    1.714471e-07 1.224543e-06 3.330736e-06 3.665950e-06 1.714471e-07
GDF15   4.671212e-04 7.093271e-04 3.640802e-03 9.930609e-01 4.537052e-04
GRP58   1.513572e-05 9.541428e-06 6.238704e-06 1.134946e-04 9.553514e-06
GUCY1A3 1.840938e-06 6.202350e-07 1.714471e-07 3.486257e-06 6.202350e-07
HPN     9.904116e-01 8.158075e-03 1.970100e-04 9.949468e-04 1.959179e-04
ITPR3   1.069023e-06 1.714471e-07 1.828852e-06 1.714471e-07 5.005915e-06
JTV1    2.445247e-06 1.714471e-07 1.030126e-05 1.392150e-06 5.454703e-06
KRT18   1.281863e-04 2.223813e-04 3.024344e-05 1.265534e-03 7.461391e-05
KRT7    6.202350e-07 1.714471e-07 3.653864e-06 1.840938e-06 6.663320e-06
LDHA    2.570907e-06 6.202350e-07 1.840938e-06 1.195866e-05 1.224543e-06
LGALS3  6.202350e-07 4.551439e-06 2.445247e-06 2.963913e-05 1.714471e-07
LIG3    1.840938e-06 1.714471e-07 1.714471e-07 1.714471e-07 1.714471e-07
LMAN1   7.757555e-07 1.714471e-07 1.714471e-07 1.714471e-07 3.037469e-06
MAOA    3.037469e-06 1.714471e-07 1.673331e-06 1.714471e-07 4.694874e-06
MARCKS  1.714471e-07 1.714471e-07 1.224543e-06 1.714471e-07 1.714471e-07
MRPL3   1.996459e-06 2.570907e-06 6.675406e-06 2.480466e-05 2.881948e-06
MTHFD2  8.500418e-06 6.531972e-06 1.714471e-07 1.575212e-05 6.226618e-06
MYC     1.714471e-07 1.714471e-07 1.714471e-07 8.356983e-06 1.286193e-05
NACA    3.641777e-06 1.714471e-07 3.653864e-06 1.840938e-06 9.092640e-06
NME1    5.693888e-05 1.635643e-05 1.387015e-03 1.714471e-07 9.952699e-01
NME2    1.635643e-05 5.705814e-05 1.378701e-04 2.488203e-04 9.497406e-05
NSMAF   2.894034e-06 1.828852e-06 1.224543e-06 1.714471e-07 6.202350e-07
OACT2   1.256297e-05 3.136905e-05 7.871937e-06 1.269903e-04 1.134227e-05
OGT     6.202350e-07 1.714471e-07 1.714471e-07 2.706637e-05 1.714471e-07
OS-9    2.445247e-06 1.714471e-07 1.666178e-05 1.714471e-07 3.037469e-06
PCDHGC3 6.202350e-07 1.714471e-07 6.202350e-07 5.915577e-06 1.512364e-05
PPIB    4.539353e-06 2.894034e-06 1.437590e-05 1.714471e-07 2.768277e-05
PPP1CA  6.202350e-07 1.392150e-06 4.258172e-06 2.881948e-06 1.840938e-06
PRKACA  1.069023e-06 6.202350e-07 1.714471e-07 1.714471e-07 1.828852e-06
PRSS8   1.673331e-06 6.202350e-07 1.714471e-07 1.714471e-07 2.289726e-06
PSAP    1.392150e-06 1.714471e-07 3.037469e-06 1.714471e-07 1.069023e-06
PTPLB   1.714471e-07 1.714471e-07 1.714471e-07 6.202350e-07 1.714471e-07
RAD23B  1.069023e-06 6.202350e-07 2.289726e-06 1.069023e-06 1.714471e-07
RAN     1.517811e-06 1.714471e-07 1.224543e-06 2.445247e-06 1.069023e-06
RPL15   1.714471e-07 3.641777e-06 3.486257e-06 1.134227e-05 1.714471e-07
RPL36AL 1.828852e-06 6.202350e-07 7.757555e-07 6.083184e-06 1.069023e-06
RPL5    1.714471e-07 2.289726e-06 1.996459e-06 1.714471e-07 1.840938e-06
RPS13   1.714471e-07 1.714471e-07 4.258172e-06 4.862480e-06 1.996459e-06
SAT     7.757555e-07 1.136644e-05 3.641777e-06 1.714471e-07 3.641777e-06
SERP1   1.224543e-06 1.714471e-07 3.641777e-06 6.202350e-07 1.714471e-07
SLC19A1 1.714471e-07 6.065410e-06 9.080554e-06 1.840938e-06 7.884023e-06
SLC25A6 5.454703e-06 4.642842e-05 1.996459e-06 2.165240e-04 1.863023e-05
SLC39A6 1.714471e-07 1.714471e-07 6.202350e-07 1.714471e-07 1.714471e-07
SLC7A5  6.202350e-07 1.714471e-07 6.202350e-07 1.840938e-06 1.224543e-06
SND1    7.757555e-07 4.694874e-06 1.714471e-07 7.228233e-05 3.388137e-05
SNX4    1.714471e-07 6.202350e-07 5.311268e-06 1.828852e-06 7.757555e-07
STAT6   6.202350e-07 4.862480e-06 6.202350e-07 1.714471e-07 1.714471e-07
STRA13  1.714471e-07 3.665950e-06 8.500418e-06 9.696948e-06 1.742161e-05
TCEB3   2.894034e-06 1.714471e-07 6.202350e-07 2.122119e-06 1.714471e-07
TFCP2   1.714471e-07 2.445247e-06 7.757555e-07 1.714471e-07 1.224543e-06
TFF3    3.791610e-06 4.258172e-06 1.714471e-07 3.435433e-05 2.894034e-06
TMEM23  6.202350e-07 1.714471e-07 2.588681e-06 1.714471e-07 1.714471e-07
TMEM4   6.507799e-06 6.202350e-07 6.202350e-07 1.936588e-05 1.714471e-07
TNFSF10 1.840938e-06 1.714471e-07 2.726428e-06 6.059011e-06 2.588681e-06
TRA1    1.996459e-06 5.155748e-06 1.714471e-07 1.714471e-07 1.224543e-06
TRAM1   1.714471e-07 1.069023e-06 1.714471e-07 1.714471e-07 3.665950e-06
TRAP1   6.202350e-07 1.714471e-07 1.714471e-07 7.757555e-07 1.714471e-07
UAP1    1.482468e-05 1.845053e-05 1.787040e-05 1.224543e-06 1.244077e-04
WT1     1.714471e-07 1.714471e-07 3.498343e-06 5.005915e-06 1.828852e-06
YTHDF3  1.224543e-06 6.202350e-07 1.224543e-06 1.714471e-07 3.061641e-06
ZHX2    1.714471e-07 7.757555e-07 1.714471e-07 1.069023e-06 5.005915e-06
                   6
ACADSB  9.999948e-01
ALCAM   9.999316e-01
AMACR   1.295609e-04
ANK3    9.999815e-01
AP3S1   9.999812e-01
ATF5    9.999203e-01
ATP6V0B 9.999955e-01
BRCA1   9.999872e-01
CALR    9.999862e-01
CANX    9.999580e-01
CBX3    9.999606e-01
CCND2   9.999759e-01
CCNG2   9.999939e-01
CCT2    9.999612e-01
CKAP1   9.999970e-01
COX6C   9.999818e-01
CYP1B1  9.999267e-01
DAPK1   9.999874e-01
DDB2    9.999957e-01
DYRK1A  9.999955e-01
EEF2    9.972560e-01
EIF4A1  9.999987e-01
ENTPD6  9.999913e-01
EPRS    9.999795e-01
FASN    2.091349e-03
FMO5    9.999845e-01
G3BP    9.999896e-01
G3BP2   9.999987e-01
GCSH    9.999914e-01
GDF15   1.668169e-03
GRP58   9.998460e-01
GUCY1A3 9.999933e-01
HPN     4.245942e-05
ITPR3   9.999918e-01
JTV1    9.999802e-01
KRT18   9.982790e-01
KRT7    9.999871e-01
LDHA    9.999818e-01
LGALS3  9.999626e-01
LIG3    9.999975e-01
LMAN1   9.999957e-01
MAOA    9.999903e-01
MARCKS  9.999981e-01
MRPL3   9.999611e-01
MTHFD2  9.999628e-01
MYC     9.999783e-01
NACA    9.999816e-01
NME1    3.269631e-03
NME2    9.994449e-01
NSMAF   9.999933e-01
OACT2   9.998099e-01
OGT     9.999718e-01
OS-9    9.999775e-01
PCDHGC3 9.999775e-01
PPIB    9.999503e-01
PPP1CA  9.999890e-01
PRKACA  9.999961e-01
PRSS8   9.999951e-01
PSAP    9.999942e-01
PTPLB   9.999987e-01
RAD23B  9.999948e-01
RAN     9.999936e-01
RPL15   9.999812e-01
RPL36AL 9.999896e-01
RPL5    9.999935e-01
RPS13   9.999885e-01
SAT     9.999804e-01
SERP1   9.999942e-01
SLC19A1 9.999750e-01
SLC25A6 9.997110e-01
SLC39A6 9.999987e-01
SLC7A5  9.999955e-01
SND1    9.998882e-01
SNX4    9.999913e-01
STAT6   9.999936e-01
STRA13  9.999605e-01
TCEB3   9.999940e-01
TFCP2   9.999952e-01
TFF3    9.999545e-01
TMEM23  9.999963e-01
TMEM4   9.999727e-01
TNFSF10 9.999866e-01
TRA1    9.999913e-01
TRAM1   9.999948e-01
TRAP1   9.999981e-01
UAP1    9.998232e-01
WT1     9.999893e-01
YTHDF3  9.999937e-01
ZHX2    9.999928e-01
